% MIT License
% 
% Copyright (c) 2025 Jecricho Knox
% 
% Permission is hereby granted, free of charge, to any person obtaining a copy
% of this software and associated documentation files (the "Software"), to deal
% in the Software without restriction, including without limitation the rights
% to use, copy, modify, merge, publish, distribute, sublicense, and/or sell
% copies of the Software, and to permit persons to whom the Software is
% furnished to do so, subject to the following conditions:
% 
% The above copyright notice and this permission notice shall be included in all
% copies or substantial portions of the Software.
% 
% THE SOFTWARE IS PROVIDED "AS IS", WITHOUT WARRANTY OF ANY KIND, EXPRESS OR
% IMPLIED, INCLUDING BUT NOT LIMITED TO THE WARRANTIES OF MERCHANTABILITY,
% FITNESS FOR A PARTICULAR PURPOSE AND NONINFRINGEMENT. IN NO EVENT SHALL THE
% AUTHORS OR COPYRIGHT HOLDERS BE LIABLE FOR ANY CLAIM, DAMAGES OR OTHER
% LIABILITY, WHETHER IN AN ACTION OF CONTRACT, TORT OR OTHERWISE, ARISING FROM,
% OUT OF OR IN CONNECTION WITH THE SOFTWARE OR THE USE OR OTHER DEALINGS IN THE
% SOFTWARE.

function [c,A,b]=Guass_legendre_butcher_6()

c = [0.03376524289842398884875507292235852219164,...
     0.1693953067668677314738800987470312975347,...
     0.3806904069584015615212990724103292450309,...
     0.6193095930415984939898521588474977761507,...
     0.8306046932331322407705442856240551918745,...
     0.9662347571015760250290327348920982331038];
A1 = [0.04283112309479258916766752918192651122808, ...
    -0.0147637259971974132977123872478841803968, ...
    0.009325050706477750958600658748309797374532, ...
    -0.005668858049483511615806996530864125816151, ...
    0.002854433315099335049386253260195189795922, ...
    -0.0008127801712647620639012879806273303984199];
A2 = [0.09267349143037886816109960363974096253514, ...
      0.09019039326203465156694960569438990205526, ...
      -0.02030010229323958581559850244957488030195, ...
      0.01036315624024642355338610144599442719482, ...
      -0.004887192928037671288410415115777141181752, ...
      0.001355561055485061776326727311925424146466];
A3 = [0.08224792261284387395736672488055774010718, ...
      0.1960321623332449969545621115685207769275,  ...
      0.1169784836431727592653828651236835867167,  ...
      -0.0204825277456560962685561122498256736435, ...
      0.007989991899662336055643052645791613031179, ...
      -0.002075625784866334030270840216303440683987];
A4 = [0.08773787197445150065622243573670857585967, ...
      0.1723907946244069566699153028821456246078,  ...
      0.2544394950320016390854505061724921688437,   ...
      0.1169784836431727592653828651236835867167,  ...
      -0.01565137580917570075955680408696935046464, ...
      0.003414323576741298740117036558672225510236];
A5 = [0.08430668513410011222219964110990986227989, ...
    0.1852679794521069622792452946669072844088,   ...
    0.2235938110460991001815500567317940294743,    ...
    0.2542570695795851043463642326969420537353,  ...
    0.09019039326203465156694960569438990205526, ...
    -0.007011245240793690693126283264291487284936];
A6 = [0.08647502636084992977405505598653689958155, ...
    0.1775263532089699780591729449952254071832,  ...
    0.2396258253358290457590840105694951489568,   ...
    0.2246319165798677797152294033367070369422,   ...
    0.1951445125212667164316115986366639845073,   ...
    0.04283112309479258916766752918192651122808];

A = [A1;A2;A3;A4;A5;A6];

b = [0.08566224618958517833533505836385302245617, ...
    0.1803807865240693031338992113887798041105, ...
    0.2339569672863455185307657302473671734333, ...
    0.2339569672863455185307657302473671734333, ...
    0.1803807865240693031338992113887798041105, ...
    0.08566224618958517833533505836385302245617];
 

end

